$MeshFormat
4.1 0 8
$EndMeshFormat
$PhysicalNames
1
2 14 "mesh"
$EndPhysicalNames
$Entities
10 13 4 0
1 0.15 0.7 0 0 
2 -0.15 0.7 0 0 
3 -0.05 0 0 0 
4 0.05 0 0 0 
5 -0.105 -0.033 0 0 
6 0.105 -0.033 0 0 
7 -0.105 -0.4 0 0 
8 0.105 -0.4 0 0 
9 0.19 0.9 0 0 
10 -0.19 0.9 0 0 
1 -0.15 0 0 -0.05 0.7 0 1 3 2 2 -3 
2 0.05 0 0 0.15 0.7 0 1 3 2 1 -4 
3 -0.105 -0.033 0 -0.05 0 0 1 3 2 3 -5 
4 -0.105 -0.4 0 -0.105 -0.033 0 1 3 2 5 -7 
5 -0.105 -0.4 0 0.105 -0.4 0 1 4 2 7 -8 
6 0.105 -0.4 0 0.105 -0.03300000000000003 0 1 3 2 8 -6 
7 0.05 -0.033 0 0.105 0 0 1 3 2 4 -6 
8 -0.19 0.7 0 -0.15 0.9 0 1 0 2 10 -2 
9 0.15 0.7 0 0.19 0.9 0 1 0 2 1 -9 
10 -0.19 0.9 0 0.19 0.9 0 1 0 2 10 -9 
11 -0.15 0.7 0 0.15 0.7 0 0 2 2 -1 
12 -0.05 0 0 0.05 0 0 0 2 3 -4 
13 -0.105 -0.033 0 0.105 -0.033 0 0 2 5 -6 
1 -0.19 0.7 0 0.19 0.9 0 1 14 4 11 9 -10 8 
2 -0.15 0 0 0.15 0.7 0 1 14 4 1 12 -2 -11 
3 -0.105 -0.033 0 0.105 0 0 1 14 4 3 13 -7 -12 
4 -0.105 -0.4 0 0.105 -0.033 0 1 14 4 4 5 6 -13 
$EndEntities
$Nodes
27 289 1 289
0 1 0 1
1
0.15 0.7 0
0 2 0 1
2
-0.15 0.7 0
0 3 0 1
3
-0.05 0 0
0 4 0 1
4
0.05 0 0
0 5 0 1
5
-0.105 -0.033 0
0 6 0 1
6
0.105 -0.033 0
0 7 0 1
7
-0.105 -0.4 0
0 8 0 1
8
0.105 -0.4 0
0 9 0 1
9
0.19 0.9 0
0 10 0 1
10
-0.19 0.9 0
1 1 0 11
11
12
13
14
15
16
17
18
19
20
21
-0.1390084448060668 0.6230591136424675 0
-0.1280168896121319 0.5461182272849232 0
-0.1170253344108658 0.469177340876061 0
-0.1060337792096132 0.3922364544672922 0
-0.09796411886576431 0.3357488320603502 0
-0.08989445852188363 0.2792612096531853 0
-0.08182479819109897 0.2227735873376928 0
-0.07375513786032459 0.1662859650222721 0
-0.06781635338214964 0.1247144736750475 0
-0.0618775689039734 0.08314298232781381 0
-0.05593878445198425 0.0415714911638897 0
1 2 0 11
22
23
24
25
26
27
28
29
30
31
32
0.1391048431933878 0.6237339023537145 0
0.1282096863867684 0.5474678047073789 0
0.1173145295798467 0.4712017070589269 0
0.1064193727729318 0.3949356094105226 0
0.09833221842482213 0.338325528973755 0
0.09024506407668131 0.2817154485367692 0
0.0821579097185277 0.2251053680296939 0
0.07407075536036642 0.1684952875225649 0
0.06805306652803202 0.126371465696224 0
0.06203537769569126 0.08424764386983874 0
0.05601768884784579 0.04212382193492048 0
1 3 0 3
33
34
35
-0.06374999999326818 -0.008249999995960907 0
-0.07749999998653737 -0.01649999999192242 0
-0.0912499999932809 -0.02474999999596854 0
1 4 0 11
36
37
38
39
40
41
42
43
44
45
46
-0.105 -0.06183947530617646 0
-0.105 -0.0906789506123583 0
-0.105 -0.1195184258905749 0
-0.105 -0.1483579011688103 0
-0.105 -0.178852037777137 0
-0.105 -0.2093461743854521 0
-0.105 -0.2398403109547131 0
-0.105 -0.2703344475240206 0
-0.105 -0.3027508355825834 0
-0.105 -0.3351672236408482 0
-0.105 -0.3675836118203858 0
1 5 0 11
47
48
49
50
51
52
53
54
55
56
57
-0.08750832154854608 -0.4 0
-0.07001664309708117 -0.4 0
-0.05252496462943892 -0.4 0
-0.03503328616179451 -0.4 0
-0.0175332874783823 -0.4 0
-3.328879497635495e-05 -0.4 0
0.01746670988315641 -0.4 0
0.0349667085612911 -0.4 0
0.05247503145739933 -0.4 0
0.0699833543535076 -0.4 0
0.08749167717674745 -0.4 0
1 6 0 11
58
59
60
61
62
63
64
65
66
67
68
0.105 -0.3621852819805369 0
0.105 -0.3243705639609802 0
0.105 -0.286555845926026 0
0.105 -0.2487411278911093 0
0.105 -0.218688956267863 0
0.105 -0.1886367846444756 0
0.105 -0.158584613003361 0
0.105 -0.1285324413622463 0
0.105 -0.1046493310334741 0
0.105 -0.08076622070470196 0
0.105 -0.056883110352351 0
1 7 0 3
69
70
71
0.06374999999326818 -0.008249999995960907 0
0.07749999998653737 -0.01649999999192242 0
0.0912499999932809 -0.02474999999596854 0
1 8 0 3
72
73
74
-0.1800000000049382 0.8500000000246911 0
-0.170000000009791 0.800000000048955 0
-0.1600000000048446 0.750000000024223 0
1 9 0 3
75
76
77
0.1600000000048578 0.7500000000242891 0
0.170000000009791 0.8000000000489551 0
0.1800000000048955 0.8500000000244773 0
1 10 0 3
78
79
80
-0.09500000004645617 0.9 0
-9.301456826982246e-11 0.9 0
0.09499999995348346 0.9 0
1 11 0 3
81
82
83
-0.07500000003668431 0.7 0
-7.34325378282108e-11 0.7 0
0.07499999996320933 0.7 0
1 12 0 3
84
85
86
-0.02500000001222911 0 0
-2.447751723533287e-11 0 0
0.02499999998776117 0 0
1 13 0 11
87
88
89
90
91
92
93
94
95
96
97
-0.08715384051782932 -0.033 0
-0.06930768103567833 -0.033 0
-0.05146152154595091 -0.033 0
-0.03361536205620666 -0.033 0
-0.01696568362142178 -0.033 0
-0.000316005186622087 -0.033 0
0.0163336732391432 -0.033 0
0.03298335166492698 -0.033 0
0.05098751373128223 -0.033 0
0.06899167579765351 -0.033 0
0.08699583789882677 -0.033 0
2 1 0 9
98
99
100
101
102
103
104
105
106
-2.795792070076075e-11 0.8000000000164459 0
-5.069522926448577e-11 0.750000000008223 0
-0.08500000001887448 0.8000000000327004 0
-0.08000000002775394 0.750000000016223 0
-6.048624448529161e-11 0.850000000008223 0
-0.09000000003268668 0.850000000016457 0
0.08499999999091655 0.8000000000327006 0
0.0799999999770441 0.7500000000162561 0
0.0899999999722 0.8500000000163501 0
2 2 0 33
107
108
109
110
111
112
113
114
115
116
117
118
119
120
121
122
123
124
125
126
127
128
129
130
131
132
133
134
135
136
137
138
139
8.970512153423128e-05 0.5491667124055263 0
0.0001520430243569923 0.4080185115407934 0
0.0001647260001846496 0.2846751748036315 0
0.0001349632454750518 0.1781736836834952 0
7.508516968915326e-05 0.08549662564817111 0
-0.06396359224529882 0.5476424698452246 0
4.485252405084673e-05 0.6245833562027631 0
-0.06948179614099198 0.6238212349226151 0
0.06414969575415133 0.5483172585564525 0
0.06957484785868212 0.6241586292782387 0
-0.05294086809262809 0.4001274830040427 0
0.0001208740729456118 0.4785926119731599 0
-0.05845223016896012 0.4738849764246103 0
0.0532857078986444 0.401477060475658 0
0.05871770182639616 0.4748971595160434 0
-0.04486486626084949 0.2819681922284084 0
0.0001583845122708209 0.3463468431722124 0
-0.04890286717674674 0.3410478376162812 0
0.04520489503843298 0.2831953116702002 0
0.04924530146854648 0.3423361860729836 0
-0.03681008730742477 0.1722298243528836 0
0.0001498446228298507 0.2314244292435634 0
-0.04083747678413456 0.227099008290628 0
0.03710285930292074 0.17333448560303 0
0.04115387717067878 0.2282648986366285 0
-0.03090124186714212 0.08431980398799245 0
0.0001050242075821026 0.1318351546658331 0
-0.03385566458728376 0.1282748141704403 0
0.03105523143269021 0.08487213475900492 0
0.03407904536780706 0.1291033101810286 0
3.754257260581801e-05 0.04274831282408555 0
-0.02795062093968439 0.04215990199398762 0
0.02802761571022577 0.04243606737950301 0
2 3 0 29
140
141
142
143
144
145
146
147
148
149
150
151
152
153
154
155
156
157
158
159
160
161
162
163
164
165
166
167
168
0.04013272854984591 -0.0164342530285911 0
-0.04039781144202112 -0.01647932947223724 0
-0.000149855233974391 -0.01648462944250697 0
0.06237207245836982 -0.02198990261660454 0
-0.06257148535465443 -0.02199992050621405 0
0.03655804010738645 -0.02471712651429555 0
0.01999143665793576 -0.01645944123554904 0
-0.000232930210298239 -0.02474231472125348 0
0.01816255494853948 -0.02472972061777452 0
0.04506636427492296 -0.008217126514295552 0
-7.492762922595413e-05 -0.008242314721253483 0
0.02249571832284846 -0.008229720617774518 0
-0.04519890572101056 -0.00823966473611862 0
-0.02027383333799776 -0.0164819794573721 0
-0.02263691667511343 -0.008240989728686051 0
-0.03700658674911389 -0.02473966473611862 0
-0.01861975847970977 -0.02474098972868605 0
0.05125240050410787 -0.01921207782259782 0
0.06993603622245359 -0.01924495130426348 0
0.05750120024868802 -0.01373103890927936 0
0.06568187412801167 -0.02749495130830227 0
0.05111995711769505 -0.02610603891129891 0
0.07846593706064629 -0.0261224756521354 0
-0.06593958319516638 -0.02749996025310703 0
-0.0700357426705959 -0.01924996024906823 0
-0.07859479159421871 -0.02612498012453778 0
-0.05148464839833777 -0.01923962498922565 0
-0.05147308497214434 -0.02611981249461282 0
-0.05761732419580297 -0.01374481249259328 0
2 4 0 121
169
170
171
172
173
174
175
176
177
178
179
180
181
182
183
184
185
186
187
188
189
190
191
192
193
194
195
196
197
198
199
200
201
202
203
204
205
206
207
208
209
210
211
212
213
214
215
216
217
218
219
220
221
222
223
224
225
226
227
228
229
230
231
232
233
234
235
236
237
238
239
240
241
242
243
244
245
246
247
248
249
250
251
252
253
254
255
256
257
258
259
260
261
262
263
264
265
266
267
268
269
270
271
272
273
274
275
276
277
278
279
280
281
282
283
284
285
286
287
288
289
-0.06969784673900738 -0.09120516219953342 0
-0.03471365550247057 -0.09118716485129656 0
-0.0002062174948963451 -0.0903876557813449 0
0.03435888492062418 -0.0886002416161689 0
0.06949799714171119 -0.08537853531992227 0
-0.06991280024322515 -0.1501636901296533 0
-0.034955423288856 -0.15015910491832 0
-0.0001259200202625016 -0.1487682115072849 0
0.03474008934445862 -0.1456356264811583 0
0.0697919711089534 -0.1399101041881359 0
-0.06998487046219165 -0.2104921049392675 0
-0.03501373879256838 -0.2104984855813671 0
-7.808838516894364e-05 -0.2088818675540891 0
0.03487993341419209 -0.2051998656441274 0
0.06990957330007458 -0.1984374514734189 0
-0.07000617878488367 -0.2723982234840115 0
-0.03502517524696061 -0.272448323811889 0
-5.113993282054386e-05 -0.2710393838141502 0
0.03493724627016414 -0.267793566794224 0
0.06995633045168859 -0.2616800507558141 0
-0.07001285734920006 -0.3357896354970656 0
-0.03502699633703699 -0.3358161797922796 0
-3.810930670915735e-05 -0.3350020146356415 0
0.03496107265656186 -0.3331100701103776 0
0.06997522942196066 -0.329566800248478 0
-0.08734892336950369 -0.09094205640594585 0
-0.06950276388734286 -0.06210258109976671 0
-0.0872513819436665 -0.06197102820297158 0
-0.05220575112073897 -0.09119616352541499 0
-0.03416450877933862 -0.06209358242564828 0
-0.05183363633334494 -0.06209808176270749 0
-0.01745993649868346 -0.09078741031632073 0
-0.0002611113407592161 -0.06169382789067245 0
-0.01721281006005262 -0.06189370515816037 0
0.01707633371286392 -0.0894939486987569 0
0.03367111829277558 -0.06080012080808445 0
0.01670500347600356 -0.06124697434937845 0
0.05192844103116769 -0.08698938846804559 0
0.06924483646968235 -0.05918926765996114 0
0.05145797738122496 -0.0599946942340228 0
0.08724899857085559 -0.08307237801231213 0
0.08712241823484118 -0.05803618900615608 0
-0.08745640012161257 -0.1492607956492318 0
-0.06980532349111626 -0.1206844261645934 0
-0.08740266174555814 -0.1201014260275841 0
-0.05243411176604057 -0.1501613975239867 0
-0.03483453939566328 -0.1206731348848083 0
-0.05231993144338977 -0.1206787805247008 0
-0.01754067165455925 -0.1494636582128024 0
-0.0001660687575794234 -0.1195779336443149 0
-0.01750030407662136 -0.1201255342645616 0
0.01730708466209806 -0.1472019189942216 0
0.0345494871325414 -0.1171179340486636 0
0.01719170918748099 -0.1183479338464893 0
0.05226603022670601 -0.1427728653346471 0
0.06964498412533229 -0.1126443197540291 0
0.05209723562893685 -0.1148811269013464 0
0.0873959855544767 -0.1342212727751911 0
0.08732249206266615 -0.1086468253937516 0
-0.08749243523109582 -0.2099191396623598 0
-0.06994883535270841 -0.1803278975344604 0
-0.08747441767635419 -0.1795899676557987 0
-0.05249930462738002 -0.2104952952603173 0
-0.03498458104071219 -0.1803287952498435 0
-0.05246670819671029 -0.180328346392152 0
-0.01754591358886866 -0.2096901765677281 0
-0.0001020042027157226 -0.178825039530687 0
-0.01754329262171396 -0.1795769173902653 0
0.01740092251451157 -0.2070408665991083 0
0.03481001137932536 -0.1754177460626429 0
0.01735400358830482 -0.1771213927966649 0
0.05239475335713334 -0.2018186585587732 0
0.06985077220451399 -0.1691737778307774 0
0.05233039179191967 -0.1722957619467101 0
0.08745478665003728 -0.1935371180589472 0
0.087425386102257 -0.1638791954170692 0
-0.08750308939244184 -0.2713663355040161 0
-0.06999552462353767 -0.2414451642116395 0
-0.08749776231176884 -0.2406427375831763 0
-0.05251567701592214 -0.2724232736479503 0
-0.0350194570197645 -0.2414734046966281 0
-0.05250749082165108 -0.2414592844541338 0
-0.01753815758989058 -0.2717438538130196 0
-6.461415899474375e-05 -0.2399606256841197 0
-0.01754203558937962 -0.2407170151903739 0
0.0174430531686718 -0.2694164753041871 0
0.03490858984217812 -0.2364967162191757 0
0.01742198784159169 -0.2382286709516477 0
0.05244678836092637 -0.264736808775019 0
0.06993295187588158 -0.2300587511146165 0
0.05242077085902985 -0.2332777336668961 0
0.08747816522584428 -0.2552105893234617 0
0.0874664759379408 -0.2243738536912397 0
-0.08750642867460003 -0.3354784295689569 0
-0.07000951806704186 -0.3040939294905386 0
-0.08750475903352092 -0.3034223825365611 0
-0.05251992684311853 -0.3358029076446726 0
-0.0350260857919988 -0.3041322518020843 0
-0.05251780192952034 -0.3041130906463114 0
-0.01753255282187308 -0.3354090972139605 0
-4.46246197648506e-05 -0.3030206992248958 0
-0.01753535520588183 -0.30357647551349 0
0.01746148167492636 -0.3340560423730096 0
0.034949159463363 -0.3004518184523008 0
0.01745226742179908 -0.3017362588385983 0
0.05246815103926127 -0.3313384351794278 0
0.06996577993682462 -0.295623425502146 0
0.05245746970009382 -0.2980376219772234 0
0.08748761471098032 -0.3269686821047291 0
0.0874828899684123 -0.291089635714086 0
-0.0700147502231406 -0.3678948177485328 0
-0.08750737511157305 -0.3677392147844593 0
-0.03503014124941575 -0.3679080898961398 0
-0.05252244573627872 -0.3679014538223363 0
-3.569905084275615e-05 -0.3675010073178208 0
-0.01753292015012769 -0.3677045486069803 0
0.03496389060892648 -0.3665550350551888 0
0.01746409577904138 -0.3670280211865048 0
0.06997929188773414 -0.364783400124239 0
0.05247159124833031 -0.3656692175897139 0
0.08748964594386389 -0.3634843410523879 0
$EndNodes
$Elements
14 328 1 328
1 1 1 12
1 2 11 
2 11 12 
3 12 13 
4 13 14 
5 14 15 
6 15 16 
7 16 17 
8 17 18 
9 18 19 
10 19 20 
11 20 21 
12 21 3 
1 2 1 12
13 1 22 
14 22 23 
15 23 24 
16 24 25 
17 25 26 
18 26 27 
19 27 28 
20 28 29 
21 29 30 
22 30 31 
23 31 32 
24 32 4 
1 3 1 4
25 3 33 
26 33 34 
27 34 35 
28 35 5 
1 4 1 12
29 5 36 
30 36 37 
31 37 38 
32 38 39 
33 39 40 
34 40 41 
35 41 42 
36 42 43 
37 43 44 
38 44 45 
39 45 46 
40 46 7 
1 5 1 12
41 7 47 
42 47 48 
43 48 49 
44 49 50 
45 50 51 
46 51 52 
47 52 53 
48 53 54 
49 54 55 
50 55 56 
51 56 57 
52 57 8 
1 6 1 12
53 8 58 
54 58 59 
55 59 60 
56 60 61 
57 61 62 
58 62 63 
59 63 64 
60 64 65 
61 65 66 
62 66 67 
63 67 68 
64 68 6 
1 7 1 4
65 4 69 
66 69 70 
67 70 71 
68 71 6 
1 8 1 4
69 10 72 
70 72 73 
71 73 74 
72 74 2 
1 9 1 4
73 1 75 
74 75 76 
75 76 77 
76 77 9 
1 10 1 4
77 10 78 
78 78 79 
79 79 80 
80 80 9 
2 1 3 16
81 2 81 101 74 
82 81 82 99 101 
83 101 99 98 100 
84 74 101 100 73 
85 73 100 103 72 
86 100 98 102 103 
87 103 102 79 78 
88 72 103 78 10 
89 82 83 105 99 
90 83 1 75 105 
91 105 75 76 104 
92 99 105 104 98 
93 98 104 106 102 
94 104 76 77 106 
95 106 77 9 80 
96 102 106 80 79 
2 2 3 48
97 2 11 114 81 
98 11 12 112 114 
99 114 112 107 113 
100 81 114 113 82 
101 82 113 116 83 
102 113 107 115 116 
103 116 115 23 22 
104 83 116 22 1 
105 12 13 119 112 
106 13 14 117 119 
107 119 117 108 118 
108 112 119 118 107 
109 107 118 121 115 
110 118 108 120 121 
111 121 120 25 24 
112 115 121 24 23 
113 14 15 124 117 
114 15 16 122 124 
115 124 122 109 123 
116 117 124 123 108 
117 108 123 126 120 
118 123 109 125 126 
119 126 125 27 26 
120 120 126 26 25 
121 16 17 129 122 
122 17 18 127 129 
123 129 127 110 128 
124 122 129 128 109 
125 109 128 131 125 
126 128 110 130 131 
127 131 130 29 28 
128 125 131 28 27 
129 18 19 134 127 
130 19 20 132 134 
131 134 132 111 133 
132 127 134 133 110 
133 110 133 136 130 
134 133 111 135 136 
135 136 135 31 30 
136 130 136 30 29 
137 20 21 138 132 
138 21 3 84 138 
139 138 84 85 137 
140 132 138 137 111 
141 111 137 139 135 
142 137 85 86 139 
143 139 86 4 32 
144 135 139 32 31 
2 3 3 40
145 94 145 148 93 
146 145 140 146 148 
147 148 146 142 147 
148 93 148 147 92 
149 140 149 151 146 
150 149 4 86 151 
151 151 86 85 150 
152 146 151 150 142 
153 142 150 154 153 
154 150 85 84 154 
155 154 84 3 152 
156 153 154 152 141 
157 92 147 156 91 
158 147 142 153 156 
159 156 153 141 155 
160 91 156 155 90 
161 4 149 159 69 
162 149 140 157 159 
163 159 157 143 158 
164 69 159 158 70 
165 140 145 161 157 
166 145 94 95 161 
167 161 95 96 160 
168 157 161 160 143 
169 70 158 162 71 
170 158 143 160 162 
171 162 160 96 97 
172 71 162 97 6 
173 5 87 165 35 
174 87 88 163 165 
175 165 163 144 164 
176 35 165 164 34 
177 88 89 167 163 
178 89 90 155 167 
179 167 155 141 166 
180 163 167 166 144 
181 34 164 168 33 
182 164 144 166 168 
183 168 166 141 152 
184 33 168 152 3 
2 4 3 144
185 5 36 196 87 
186 36 37 194 196 
187 196 194 169 195 
188 87 196 195 88 
189 88 195 199 89 
190 195 169 197 199 
191 199 197 170 198 
192 89 199 198 90 
193 90 198 202 91 
194 198 170 200 202 
195 202 200 171 201 
196 91 202 201 92 
197 92 201 205 93 
198 201 171 203 205 
199 205 203 172 204 
200 93 205 204 94 
201 94 204 208 95 
202 204 172 206 208 
203 208 206 173 207 
204 95 208 207 96 
205 96 207 210 97 
206 207 173 209 210 
207 210 209 67 68 
208 97 210 68 6 
209 37 38 213 194 
210 38 39 211 213 
211 213 211 174 212 
212 194 213 212 169 
213 169 212 216 197 
214 212 174 214 216 
215 216 214 175 215 
216 197 216 215 170 
217 170 215 219 200 
218 215 175 217 219 
219 219 217 176 218 
220 200 219 218 171 
221 171 218 222 203 
222 218 176 220 222 
223 222 220 177 221 
224 203 222 221 172 
225 172 221 225 206 
226 221 177 223 225 
227 225 223 178 224 
228 206 225 224 173 
229 173 224 227 209 
230 224 178 226 227 
231 227 226 65 66 
232 209 227 66 67 
233 39 40 230 211 
234 40 41 228 230 
235 230 228 179 229 
236 211 230 229 174 
237 174 229 233 214 
238 229 179 231 233 
239 233 231 180 232 
240 214 233 232 175 
241 175 232 236 217 
242 232 180 234 236 
243 236 234 181 235 
244 217 236 235 176 
245 176 235 239 220 
246 235 181 237 239 
247 239 237 182 238 
248 220 239 238 177 
249 177 238 242 223 
250 238 182 240 242 
251 242 240 183 241 
252 223 242 241 178 
253 178 241 244 226 
254 241 183 243 244 
255 244 243 63 64 
256 226 244 64 65 
257 41 42 247 228 
258 42 43 245 247 
259 247 245 184 246 
260 228 247 246 179 
261 179 246 250 231 
262 246 184 248 250 
263 250 248 185 249 
264 231 250 249 180 
265 180 249 253 234 
266 249 185 251 253 
267 253 251 186 252 
268 234 253 252 181 
269 181 252 256 237 
270 252 186 254 256 
271 256 254 187 255 
272 237 256 255 182 
273 182 255 259 240 
274 255 187 257 259 
275 259 257 188 258 
276 240 259 258 183 
277 183 258 261 243 
278 258 188 260 261 
279 261 260 61 62 
280 243 261 62 63 
281 43 44 264 245 
282 44 45 262 264 
283 264 262 189 263 
284 245 264 263 184 
285 184 263 267 248 
286 263 189 265 267 
287 267 265 190 266 
288 248 267 266 185 
289 185 266 270 251 
290 266 190 268 270 
291 270 268 191 269 
292 251 270 269 186 
293 186 269 273 254 
294 269 191 271 273 
295 273 271 192 272 
296 254 273 272 187 
297 187 272 276 257 
298 272 192 274 276 
299 276 274 193 275 
300 257 276 275 188 
301 188 275 278 260 
302 275 193 277 278 
303 278 277 59 60 
304 260 278 60 61 
305 45 46 280 262 
306 46 7 47 280 
307 280 47 48 279 
308 262 280 279 189 
309 189 279 282 265 
310 279 48 49 282 
311 282 49 50 281 
312 265 282 281 190 
313 190 281 284 268 
314 281 50 51 284 
315 284 51 52 283 
316 268 284 283 191 
317 191 283 286 271 
318 283 52 53 286 
319 286 53 54 285 
320 271 286 285 192 
321 192 285 288 274 
322 285 54 55 288 
323 288 55 56 287 
324 274 288 287 193 
325 193 287 289 277 
326 287 56 57 289 
327 289 57 8 58 
328 277 289 58 59 
$EndElements
