#dofs =  4225, double, RK(3), baseline, Harten entropy
t     = 2.00176
Linf  = 0.00544554
L1    = 0.000400424
L2    = 0.000941476

#dofs = 16641, double, RK(3), baseline, Harten entropy
t     = 2.00176
Linf  = 0.000640662
L1    = 4.95358e-05
L2    = 0.000116142

#dofs = 66049, double, RK(3), baseline, Harten entropy
t     = 2.00084
Linf  = 7.94072e-05
L1    = 6.54014e-06
L2    = 1.47545e-05
