#dofs = 4225, cfl = 0.3
t     = 2.00017
Linf  = 0.0129357
L1    = 0.00468393
L2    = 0.00596328

#dofs = 16641, cfl = 0.3
t     = 2.00033
Linf  = 0.00289758
L1    = 0.000387428
L2    = 0.000931647

#dofs = 66049, cfl = 0.3
t     = 2.00005
Linf  = 0.000801244
L1    = 8.72326e-05
L2    = 0.000234221

#dofs = 263169, cfl = 0.3
