#dofs = 4225, cfl = 0.3
t     = 2.00017
Linf  = 0.0128885
L1    = 0.00468183
L2    = 0.00596283

#dofs = 16641, cfl = 0.3
t     = 2.00033
Linf  = 0.00289148
L1    = 0.000387919
L2    = 0.000933675

#dofs = 66049, cfl = 0.3
t     = 2.00005
Linf  = 0.00080178
L1    = 8.7326e-05
L2    = 0.000234604

#dofs = 263169, cfl = 0.3
t     = 2.00005
Linf  = 0.000209718
L1    = 2.16887e-05
L2    = 5.89731e-05

